0,0.2684118449687958,0.5537680983543396,0.12501519918441772,0.21408450603485107,vehicle,0.8542606234550476,0.8,low-res
0,0.2739412486553192,0.2012530416250229,0.04480499029159546,0.07244165241718292,vehicle,0.7723122239112854,0.8,low-res
0,0.29431453347206116,0.5243597030639648,0.3065280616283417,0.33315300941467285,vehicle,0.7181090116500854,0.8,low-res
0,0.14090275764465332,0.06066027656197548,0.8011809587478638,0.8044582009315491,vehicle,0.5399148464202881,0.8,low-res
1,0.2569391131401062,0.5263550281524658,0.3380362391471863,0.3193736672401428,vehicle,0.9228792786598206,0.8,low-res
1,0.27437281608581543,0.1993163824081421,0.044837892055511475,0.07287991046905518,vehicle,0.7759667634963989,0.8,low-res
2,0.27507537603378296,0.19365763664245605,0.044153451919555664,0.07725977897644043,vehicle,0.8319777846336365,0.8,low-res
2,0.25270897150039673,0.5439617037773132,0.12577635049819946,0.21584123373031616,vehicle,0.8052939772605896,0.8,low-res
2,0.2738714814186096,0.5163862109184265,0.31024467945098877,0.3305434584617615,vehicle,0.800402045249939,0.8,low-res
3,0.259211003780365,0.5515555739402771,0.31103116273880005,0.3054138422012329,vehicle,0.7525187134742737,0.8,low-res
3,0.24593263864517212,0.5462727546691895,0.12462759017944336,0.20419126749038696,vehicle,0.7020098567008972,0.8,low-res
3,0.27310338616371155,0.19215790927410126,0.04627680778503418,0.08119292557239532,vehicle,0.5605950355529785,0.8,low-res
4,0.2319514900445938,0.5143706798553467,0.3409932851791382,0.34223681688308716,vehicle,0.7971858382225037,0.8,low-res
4,0.20018270611763,0.11552794277667999,0.7480309009552002,0.7099554538726807,vehicle,0.6279773712158203,0.8,low-res
5,0.23772652447223663,0.5362119674682617,0.13009165227413177,0.20983737707138062,vehicle,0.6270098090171814,0.8,low-res
5,0.34008270502090454,0.07265520095825195,0.5862077474594116,0.7672016620635986,vehicle,0.5404329895973206,0.8,low-res
6,0.22844986617565155,0.5003481507301331,0.3234316110610962,0.335534930229187,vehicle,0.5898520350456238,0.8,low-res
6,0.31569457054138184,0.06122661009430885,0.6127257347106934,0.7135828733444214,vehicle,0.5736958980560303,0.8,low-res
7,0.33236032724380493,0.09789817780256271,0.5977461338043213,0.6706812381744385,vehicle,0.6480788588523865,0.8,low-res
7,0.2245604544878006,0.4805362820625305,0.324307918548584,0.3603878617286682,vehicle,0.6036939024925232,0.8,low-res
8,0.2224593162536621,0.530204713344574,0.12721729278564453,0.20426148176193237,vehicle,0.8377052545547485,0.8,low-res
8,0.22618667781352997,0.5007557272911072,0.300754189491272,0.3341049551963806,vehicle,0.7839644551277161,0.8,low-res
8,0.13782241940498352,0.06630754470825195,0.7884619235992432,0.7092458009719849,vehicle,0.5625368356704712,0.8,low-res
9,0.21286429464817047,0.5241016149520874,0.13193844258785248,0.19929921627044678,vehicle,0.6366804838180542,0.8,low-res
10,0.20710033178329468,0.5310849547386169,0.14499539136886597,0.1923983097076416,vehicle,0.6965285539627075,0.8,low-res
10,0.19777682423591614,0.4892989993095398,0.3239079415798187,0.3610910177230835,vehicle,0.6778218746185303,0.8,low-res
10,0.13586518168449402,0.08033744245767593,0.7998864650726318,0.7753376364707947,vehicle,0.5380831956863403,0.8,low-res
11,0.21039442718029022,0.523848295211792,0.12048803269863129,0.20086264610290527,vehicle,0.7646187543869019,0.8,low-res
12,0.2000768631696701,0.5207099318504333,0.12896032631397247,0.1925455927848816,vehicle,0.6187965869903564,0.8,low-res
13,0.19655819237232208,0.5239251255989075,0.12330220639705658,0.18083202838897705,vehicle,0.878273606300354,0.8,low-res
13,0.22689566016197205,0.13360267877578735,0.6763001680374146,0.6854605078697205,vehicle,0.6023236513137817,0.8,low-res
14,0.1896454393863678,0.5180796384811401,0.12773525714874268,0.18126267194747925,vehicle,0.8865473866462708,0.8,low-res
14,0.015259742736816406,0.05900605767965317,0.9062222242355347,0.7840689420700073,vehicle,0.6599569916725159,0.8,low-res
15,0.18587897717952728,0.5138312578201294,0.12874813377857208,0.17801672220230103,vehicle,0.6811952590942383,0.8,low-res
15,0.3660716712474823,0.1039934977889061,0.5675842761993408,0.7364611029624939,vehicle,0.6315855383872986,0.8,low-res
16,0.1728658229112625,0.4564571678638458,0.3057917356491089,0.35641607642173767,vehicle,0.6056172251701355,0.8,low-res
17,0.37148621678352356,0.1122596338391304,0.5590415000915527,0.7189245820045471,vehicle,0.6946107745170593,0.8,low-res
18,0.3342847228050232,0.12310193479061127,0.6299633979797363,0.7144123315811157,vehicle,0.7899097800254822,0.8,low-res
19,0.263104647397995,0.1165197417140007,0.7155606746673584,0.7398648262023926,vehicle,0.5290094017982483,0.8,low-res
21,0.15423282980918884,0.07449055463075638,0.7713998556137085,0.762435793876648,vehicle,0.5990943312644958,0.8,low-res
22,0.34651634097099304,0.11802926659584045,0.5987287759780884,0.6751859188079834,vehicle,0.5698368549346924,0.8,low-res
26,0.1509014219045639,0.44040587544441223,0.2638404965400696,0.3439611494541168,vehicle,0.7023904919624329,0.8,low-res
29,0.3900826871395111,0.09459584951400757,0.5567909479141235,0.7247321605682373,vehicle,0.510703980922699,0.8,low-res
30,0.26502540707588196,0.4387049973011017,0.13425827026367188,0.1458929479122162,vehicle,0.7156480550765991,0.8,low-res
32,0.279645174741745,0.09836866706609726,0.6219217777252197,0.7704311013221741,vehicle,0.5510169267654419,0.8,low-res
33,0.3247377574443817,0.10052524507045746,0.5918495655059814,0.7720387578010559,vehicle,0.5724248290061951,0.8,low-res
34,0.26722830533981323,0.08794832229614258,0.6350270509719849,0.8046358823776245,vehicle,0.5330819487571716,0.8,low-res
35,0.38645660877227783,0.1013229712843895,0.026996374130249023,0.05300935357809067,vehicle,0.7891352772712708,0.8,low-res
35,0.28086018562316895,0.0874113067984581,0.6216858625411987,0.7916536331176758,vehicle,0.5791007280349731,0.8,low-res
36,0.3847026526927948,0.09714653342962265,0.0288199782371521,0.057905055582523346,vehicle,0.812156081199646,0.8,low-res
36,0.2591395080089569,0.08014494925737381,0.6406203508377075,0.7780892848968506,vehicle,0.5994459986686707,0.8,low-res
37,0.3848879039287567,0.09612974524497986,0.02852553129196167,0.059556275606155396,vehicle,0.8387384414672852,0.8,low-res
37,0.2475927174091339,0.42973095178604126,0.12270212173461914,0.13443058729171753,vehicle,0.5949398279190063,0.8,low-res
37,0.26353880763053894,0.08184435218572617,0.6752961874008179,0.7939472794532776,vehicle,0.5199541449546814,0.8,low-res
38,0.38442954421043396,0.09902533888816833,0.02897775173187256,0.055586010217666626,vehicle,0.5485034584999084,0.8,low-res
40,0.23811380565166473,0.41850873827934265,0.12121166288852692,0.13819512724876404,vehicle,0.6080235838890076,0.8,low-res
41,0.3883756399154663,0.11684561520814896,0.032614052295684814,0.04742839187383652,vehicle,0.5638437867164612,0.8,low-res
42,0.38884806632995605,0.11798956245183945,0.032022833824157715,0.04603581875562668,vehicle,0.571979820728302,0.8,low-res
43,0.3877255916595459,0.11587761342525482,0.03328126668930054,0.04899677634239197,vehicle,0.6759600639343262,0.8,low-res
44,0.3873778283596039,0.11675591766834259,0.033445656299591064,0.04797890782356262,vehicle,0.6647341251373291,0.8,low-res
49,0.0773327648639679,0.4353000521659851,0.10663557052612305,0.1442621350288391,vehicle,0.736396849155426,0.8,low-res
49,0.09039846062660217,0.5100917220115662,0.18929070234298706,0.18468284606933594,vehicle,0.5609598159790039,0.8,low-res
52,0.2525016963481903,0.06899029016494751,0.6893306970596313,0.7232773900032043,vehicle,0.5228750109672546,0.8,low-res
56,0.39652761816978455,0.1220846101641655,0.031634747982025146,0.04887384921312332,vehicle,0.6139116883277893,0.8,low-res
57,0.39663276076316833,0.12181908637285233,0.03156459331512451,0.048930294811725616,vehicle,0.58812415599823,0.8,low-res
58,0.0674019530415535,0.4663674831390381,0.17211458086967468,0.2017815113067627,vehicle,0.5619122982025146,0.8,low-res
59,0.39666253328323364,0.1216588020324707,0.031637609004974365,0.049300506711006165,vehicle,0.5765506029129028,0.8,low-res
60,0.29948022961616516,0.14890772104263306,0.6154309511184692,0.6973309516906738,vehicle,0.7255058884620667,0.8,low-res
61,0.29043570160865784,0.1468748301267624,0.623196005821228,0.6787979602813721,vehicle,0.7461036443710327,0.8,low-res
62,0.29531601071357727,0.1548541635274887,0.6224327087402344,0.6779602766036987,vehicle,0.6293308138847351,0.8,low-res
62,0.20388922095298767,0.36806032061576843,0.09208866953849792,0.12074080109596252,vehicle,0.5366490483283997,0.8,low-res
63,0.20194938778877258,0.3702731430530548,0.09336063265800476,0.12031596899032593,vehicle,0.6761196851730347,0.8,low-res
63,0.2767640948295593,0.14880426228046417,0.6904911994934082,0.6851497292518616,vehicle,0.5176377296447754,0.8,low-res
64,0.2727490961551666,0.13537411391735077,0.6986149549484253,0.7095982432365417,vehicle,0.6603348255157471,0.8,low-res
65,0.2990557551383972,0.1468341052532196,0.6253060102462769,0.6456117630004883,vehicle,0.6650789380073547,0.8,low-res
66,0.2927742600440979,0.12415993958711624,0.6766290664672852,0.7091851830482483,vehicle,0.7080593705177307,0.8,low-res
66,0.20101504027843475,0.3614921569824219,0.08804379403591156,0.11910772323608398,vehicle,0.5781210660934448,0.8,low-res
68,0.28745654225349426,0.122593455016613,0.6240441799163818,0.7121040225028992,vehicle,0.6434240937232971,0.8,low-res
69,0.30225318670272827,0.11850372701883316,0.6096357107162476,0.704187273979187,vehicle,0.6299679279327393,0.8,low-res
70,0.29739347100257874,0.12435510009527206,0.6705977916717529,0.7058122158050537,vehicle,0.6834574937820435,0.8,low-res
71,0.40888482332229614,0.14277087152004242,0.029552042484283447,0.03919455409049988,vehicle,0.719502329826355,0.8,low-res
71,0.28611740469932556,0.1464546024799347,0.6335418224334717,0.6460422277450562,vehicle,0.6648273468017578,0.8,low-res
72,0.4091705083847046,0.1428290605545044,0.029045581817626953,0.03998963534832001,vehicle,0.7031639218330383,0.8,low-res
72,0.265607088804245,0.1487320363521576,0.6346498727798462,0.6779981851577759,vehicle,0.5188179016113281,0.8,low-res
73,0.4093458652496338,0.14291800558567047,0.028853297233581543,0.03971563279628754,vehicle,0.7165932655334473,0.8,low-res
73,0.28565967082977295,0.13995878398418427,0.6180520057678223,0.6752821803092957,vehicle,0.6493000984191895,0.8,low-res
74,0.40972527861595154,0.14229552447795868,0.028774917125701904,0.04054346680641174,vehicle,0.7967426180839539,0.8,low-res
74,0.2725030779838562,0.1441362500190735,0.6341389417648315,0.6871288418769836,vehicle,0.547236979007721,0.8,low-res
74,0.19130980968475342,0.3403454124927521,0.08177202939987183,0.11420482397079468,vehicle,0.51639324426651,0.8,low-res
75,0.4008130133152008,0.13854029774665833,0.03934985399246216,0.05475768446922302,vehicle,0.9253899455070496,0.8,low-res
75,0.19604891538619995,0.34001243114471436,0.0770922601222992,0.11563390493392944,vehicle,0.9044500589370728,0.8,low-res
76,0.4042297601699829,0.14211414754390717,0.03695178031921387,0.049904853105545044,vehicle,0.8837599754333496,0.8,low-res
76,0.19162729382514954,0.33302947878837585,0.08068010210990906,0.11643809080123901,vehicle,0.6231481432914734,0.8,low-res
77,0.4026486873626709,0.1400548368692398,0.03974485397338867,0.05558496713638306,vehicle,0.9017246961593628,0.8,low-res
78,0.40004873275756836,0.13744360208511353,0.043501198291778564,0.061369359493255615,vehicle,0.956078052520752,0.8,low-res
79,0.4008089005947113,0.13764744997024536,0.04283022880554199,0.06093400716781616,vehicle,0.9544943571090698,0.8,low-res
79,0.19096575677394867,0.33630943298339844,0.07377229630947113,0.10906392335891724,vehicle,0.8704615831375122,0.8,low-res
79,0.9554895162582397,0.6640123128890991,0.04421961307525635,0.3359876871109009,vehicle,0.8263505697250366,0.8,low-res
80,0.39922913908958435,0.14636199176311493,0.045229196548461914,0.05107825994491577,vehicle,0.8811714053153992,0.8,low-res
80,0.18370136618614197,0.33133426308631897,0.07886272668838501,0.11150360107421875,vehicle,0.6845545172691345,0.8,low-res
80,0.014614604413509369,0.3780061900615692,0.14459586143493652,0.227765291929245,vehicle,0.5401854515075684,0.8,low-res
81,0.3984541594982147,0.1470024734735489,0.04737585783004761,0.049899399280548096,vehicle,0.80378258228302,0.8,low-res
82,0.8669029474258423,0.8591099381446838,0.13309705257415771,0.13810908794403076,vehicle,0.6376479864120483,0.8,low-res
83,0.893216073513031,0.8493832349777222,0.106783926486969,0.15061676502227783,vehicle,0.7198819518089294,0.8,low-res
83,0.4040335416793823,0.14422489702701569,0.04159951210021973,0.05340886116027832,vehicle,0.6804774403572083,0.8,low-res
84,0.18302616477012634,0.3186262845993042,0.06923586130142212,0.10962170362472534,vehicle,0.7088176012039185,0.8,low-res
84,0.4067600667476654,0.14194698631763458,0.03692430257797241,0.05789385735988617,vehicle,0.6695852875709534,0.8,low-res
85,0.018138796091079712,0.43507450819015503,0.13597020506858826,0.14677143096923828,vehicle,0.8222847580909729,0.8,low-res
85,0.18351705372333527,0.3137233555316925,0.07116834819316864,0.11312296986579895,vehicle,0.7801276445388794,0.8,low-res
85,0.39932820200920105,0.13642771542072296,0.04534190893173218,0.06866101920604706,vehicle,0.7137435674667358,0.8,low-res
86,0.8552765846252441,0.6646395325660706,0.14256954193115234,0.3280635476112366,vehicle,0.9115553498268127,0.8,low-res
86,0.017539076507091522,0.4311048984527588,0.13359391689300537,0.15645945072174072,vehicle,0.956814706325531,0.8,low-res
86,0.1839551478624344,0.32152435183525085,0.07011376321315765,0.1042628288269043,vehicle,0.8912877440452576,0.8,low-res
87,0.01197117567062378,0.3703598380088806,0.1368289440870285,0.20045703649520874,vehicle,0.5472095012664795,0.8,low-res
87,0.8420619964599609,0.6278781890869141,0.15793800354003906,0.3694838285446167,vehicle,0.9522912502288818,0.8,low-res
87,0.18075671792030334,0.31301572918891907,0.06883782148361206,0.1085720956325531,vehicle,0.9249592423439026,0.8,low-res
87,0.14649178087711334,0.13301388919353485,0.04980519413948059,0.09517040848731995,vehicle,0.5476136207580566,0.8,low-res
87,0.39292940497398376,0.13575167953968048,0.054735541343688965,0.07192379236221313,vehicle,0.5028918981552124,0.8,low-res
88,0.8339157104492188,0.6162874102592468,0.16550683975219727,0.383361279964447,vehicle,0.9200699329376221,0.8,low-res
88,0.18023937940597534,0.30927515029907227,0.06834372878074646,0.10733667016029358,vehicle,0.8342697024345398,0.8,low-res
88,0.011896081268787384,0.38530850410461426,0.1306189000606537,0.19276142120361328,vehicle,0.6911045908927917,0.8,low-res
88,0.33686864376068115,0.12087405472993851,0.10958534479141235,0.08522244542837143,vehicle,0.5542090535163879,0.8,low-res
89,0.011617422103881836,0.3998660445213318,0.1274968609213829,0.17353659868240356,vehicle,0.5198687314987183,0.8,low-res
89,0.18217061460018158,0.3045998513698578,0.06586635112762451,0.11081281304359436,vehicle,0.7635181546211243,0.8,low-res
90,0.010949559509754181,0.3607407510280609,0.12779633700847626,0.2011115849018097,vehicle,0.7638927698135376,0.8,low-res
90,0.41775283217430115,0.14907097816467285,0.031124353408813477,0.059350043535232544,vehicle,0.8749487400054932,0.8,low-res
90,0.8142346143722534,0.5880841612815857,0.1779177188873291,0.4119158387184143,vehicle,0.5698964595794678,0.8,low-res
91,0.010750584304332733,0.3574815094470978,0.12489259988069534,0.20928552746772766,vehicle,0.7815510630607605,0.8,low-res
91,0.4168890118598938,0.14543519914150238,0.03442203998565674,0.06561391055583954,vehicle,0.7495911717414856,0.8,low-res
92,0.012848548591136932,0.35629037022590637,0.14387378096580505,0.25539180636405945,vehicle,0.934825599193573,0.8,low-res
92,0.4184926152229309,0.1487225890159607,0.03622102737426758,0.06811705231666565,vehicle,0.8933889865875244,0.8,low-res
93,0.418288916349411,0.14787733554840088,0.03658205270767212,0.06891591846942902,vehicle,0.856086790561676,0.8,low-res
93,0.009106241166591644,0.3518207371234894,0.1265958845615387,0.20525428652763367,vehicle,0.7791325449943542,0.8,low-res
94,0.7881968021392822,0.5804105997085571,0.18873190879821777,0.40572845935821533,vehicle,0.8635201454162598,0.8,low-res
94,0.006437726318836212,0.3513347804546356,0.14422643184661865,0.23766490817070007,vehicle,0.7840908169746399,0.8,low-res
94,0.41684314608573914,0.14612044394016266,0.03897291421890259,0.06945450603961945,vehicle,0.7443882822990417,0.8,low-res
94,0.3780038356781006,0.10600980371236801,0.07595545053482056,0.11364724487066269,vehicle,0.6048244833946228,0.8,low-res
95,0.3986603319644928,0.13671453297138214,0.05651077628135681,0.0818408876657486,vehicle,0.6732222437858582,0.8,low-res
95,0.7752611041069031,0.5874758958816528,0.20593953132629395,0.3969367742538452,vehicle,0.9438713192939758,0.8,low-res
95,0.009682856500148773,0.34495940804481506,0.128618985414505,0.22603151202201843,vehicle,0.825395405292511,0.8,low-res
96,0.39679038524627686,0.13122208416461945,0.05978798866271973,0.08804115653038025,vehicle,0.697586178779602,0.8,low-res
96,0.008351150900125504,0.35812804102897644,0.11980568990111351,0.17854979634284973,vehicle,0.7025495171546936,0.8,low-res
96,0.7724206447601318,0.5734142065048218,0.22757935523986816,0.4082987308502197,vehicle,0.8423703908920288,0.8,low-res
97,0.006872892379760742,0.34143808484077454,0.1165003627538681,0.19538232684135437,vehicle,0.8760087490081787,0.8,low-res
97,0.38499560952186584,0.1088247075676918,0.07293331623077393,0.11402279883623123,vehicle,0.711787223815918,0.8,low-res
97,0.7524330019950867,0.5483456254005432,0.2128002643585205,0.4445355534553528,vehicle,0.9403711557388306,0.8,low-res
98,0.3791458308696747,0.07799806445837021,0.08069819211959839,0.15000297874212265,vehicle,0.5894982218742371,0.8,low-res
98,0.0028399452567100525,0.34882938861846924,0.11731505393981934,0.1920986771583557,vehicle,0.6860876679420471,0.8,low-res
98,0.7242256999015808,0.5668681263923645,0.2328951358795166,0.41887372732162476,vehicle,0.6948346495628357,0.8,low-res
99,0.41062042117118835,0.14233534038066864,0.04974013566970825,0.08372214436531067,vehicle,0.94231778383255,0.8,low-res
99,0.16222937405109406,0.29236912727355957,0.06652000546455383,0.097567617893219,vehicle,0.71636563539505,0.8,low-res
99,0.6944817304611206,0.5800692439079285,0.21651923656463623,0.4032086133956909,vehicle,0.6776393055915833,0.8,low-res
100,0.002338241785764694,0.3407517373561859,0.11832206323742867,0.19765159487724304,vehicle,0.6944587826728821,0.8,low-res
100,0.4111592173576355,0.1425638049840927,0.049119532108306885,0.08332967758178711,vehicle,0.9435582160949707,0.8,low-res
100,0.16245394945144653,0.28995147347450256,0.06771537661552429,0.09895089268684387,vehicle,0.7915821075439453,0.8,low-res
100,0.696668267250061,0.5754170417785645,0.2566089630126953,0.41079986095428467,vehicle,0.5289893746376038,0.8,low-res
101,0.7008671760559082,0.5670905113220215,0.20440661907196045,0.4020705223083496,vehicle,0.9420573115348816,0.8,low-res
101,0.41094157099723816,0.14100681245326996,0.05079388618469238,0.08670647442340851,vehicle,0.8441289067268372,0.8,low-res
101,0.0011369436979293823,0.3370893597602844,0.11609019339084625,0.1941245198249817,vehicle,0.7278332114219666,0.8,low-res
101,0.16327625513076782,0.28273001313209534,0.06569796800613403,0.10511314868927002,vehicle,0.6691365242004395,0.8,low-res
102,0.004457887262105942,0.34002184867858887,0.11739946901798248,0.2257348895072937,vehicle,0.8480956554412842,0.8,low-res
102,0.40932556986808777,0.13977691531181335,0.053887009620666504,0.08820609748363495,vehicle,0.8133533596992493,0.8,low-res
103,0.003952700644731522,0.39169371128082275,0.1156996339559555,0.14415687322616577,vehicle,0.9501546025276184,0.8,low-res
103,0.4132447838783264,0.14208540320396423,0.052025020122528076,0.09039627015590668,vehicle,0.8643789291381836,0.8,low-res
104,0.0006236769258975983,0.3370901644229889,0.11007744073867798,0.19310936331748962,vehicle,0.8642274141311646,0.8,low-res
104,0.6646010875701904,0.55671626329422,0.23273801803588867,0.4101446270942688,vehicle,0.742588996887207,0.8,low-res
105,0.07304966449737549,0.089336097240448,0.8668972551822662,0.8073381781578064,vehicle,0.5916319489479065,0.8,low-res
105,0.4320574998855591,0.16714131832122803,0.034218430519104004,0.06093420088291168,vehicle,0.7640447020530701,0.8,low-res
105,0.6739161014556885,0.5658078193664551,0.2724519968032837,0.4045318365097046,vehicle,0.7477456331253052,0.8,low-res
106,0.6606316566467285,0.5476520657539368,0.32138943672180176,0.43814146518707275,vehicle,0.9740886688232422,0.8,low-res
106,0.24807819724082947,0.13736431300640106,0.6911104917526245,0.7903386950492859,vehicle,0.6192988753318787,0.8,low-res
107,0.11012685298919678,0.10581713914871216,0.8216657638549805,0.8123962879180908,vehicle,0.5561910271644592,0.8,low-res
107,0.6512129306793213,0.54151850938797,0.3307681083679199,0.45406174659729004,vehicle,0.9752544164657593,0.8,low-res
108,0.4347536861896515,0.17156237363815308,0.0317264199256897,0.057287320494651794,vehicle,0.5982102751731873,0.8,low-res
109,0.6138241291046143,0.5666093230247498,0.33526742458343506,0.4085526466369629,vehicle,0.7148646116256714,0.8,low-res
109,0.14253997802734375,0.10513489693403244,0.793441653251648,0.8194535970687866,vehicle,0.6876989006996155,0.8,low-res
112,0.049663424491882324,0.06323044747114182,0.9503365755081177,0.9190088585019112,vehicle,0.5139241218566895,0.8,low-res
112,0.4352719485759735,0.1678798794746399,0.03519967198371887,0.06960295140743256,vehicle,0.5334768295288086,0.8,low-res
113,0.5774420499801636,0.5558058023452759,0.282159686088562,0.4106209874153137,vehicle,0.892083466053009,0.8,low-res
113,0.43460723757743835,0.16778917610645294,0.036317527294158936,0.07380877435207367,vehicle,0.6928178668022156,0.8,low-res
113,0.8031903505325317,0.4147382974624634,0.19680964946746826,0.5729906558990479,vehicle,0.5426573157310486,0.8,low-res
114,0.15680712461471558,0.08636653423309326,0.8136749863624573,0.8682639598846436,vehicle,0.6142512559890747,0.8,low-res
114,0.5782241225242615,0.5476592779159546,0.3178396224975586,0.4240133762359619,vehicle,0.8506816029548645,0.8,low-res
114,0.42503079771995544,0.17578892409801483,0.05128598213195801,0.07151821255683899,vehicle,0.7314509749412537,0.8,low-res
115,0.3178942799568176,0.11262752115726471,0.6650190353393555,0.8556079119443893,vehicle,0.8372259736061096,0.8,low-res
115,0.4274834990501404,0.1773209124803543,0.05084317922592163,0.07264509797096252,vehicle,0.5798945426940918,0.8,low-res
117,0.11744537949562073,0.06976979970932007,0.8819206357002258,0.9200470745563507,vehicle,0.7580784559249878,0.8,low-res
118,0.06608748435974121,0.098316989839077,0.9000167846679688,0.8893961980938911,vehicle,0.7882481813430786,0.8,low-res
119,0.07812437415122986,0.10362179577350616,0.8867616653442383,0.8654343485832214,vehicle,0.9046889543533325,0.8,low-res
119,0.4338825047016144,0.18165582418441772,0.04332268238067627,0.06558415293693542,vehicle,0.5650275945663452,0.8,low-res
